313.5619875888398, -0.00037262810802263235
326.460435568871, 0.0063211277233652385
332.76573753822703, 0.008153103003534556
339.0692760478983, 0.005792673315624164
344.2309670021866, 0.013966101488687266
348.2468537310429, 0.023266899064931512
352.2625541640382, 0.0321248015184975
356.2780217272071, 0.040429085068715565
360.58018697705006, 0.049037859015775065
365.45551990529987, 0.05771429749546586
371.1901607223797, 0.06543756080267549
377.49601099432675, 0.06857305695527294
383.6377346126834, 0.07082276286251388
390.1057554316799, 0.07019365047234583
395.2600114875133, 0.06069153693124785
399.8412466434971, 0.051470706529931576
405.56925184663703, 0.04341862714679412
411.8703452231319, 0.03524519897373102
418.28594937292195, 0.02679345147925749
424.473584124337, 0.021399693490912863
430.7762631326493, 0.0169959067597365
437.07827528645896, 0.011006756805336804
443.3811913985944, 0.007166654775751069
449.6852485728789, 0.006039285372569925
455.989691040876, 0.005827903609473495
462.2944002506741, 0.006250667135666355
468.59907982249433, 0.006602970074160552
474.9036112044251, 0.006602970074160552
481.208098129389, 0.0064972791926123374
487.5121849416513, 0.005440370377129966
493.8165533147037, 0.005052837144786548
500.12118842955704, 0.00529944920173242
506.42659413183577, 0.00737803653884761
512.7324444037829, 0.01051353269144506
519.0387244264094, 0.01467070736567544
525.3449599920691, 0.018722191158357604
531.6502323234473, 0.02048370585082815
537.9539486609859, 0.018546039689110505
544.2576501795356, 0.01657314323354364
550.5617369917979, 0.01551623441806127
556.8671575130656, 0.0176300520490259
563.1738376483938, 0.022738444657190438
568.6626620176983, 0.03002104968577557
570.8620802681198, 0.04217852080329487
572.0723885886432, 0.05814488997584755
571.208278524117, 0.047681492702572714
573.2247798546623, 0.07267738618872921
574.089732131727, 0.08514303849577887
574.8104894717525, 0.09544496358891053
575.5886857069053, 0.10604399749350557
576.6833392281867, 0.11956890730229408
577.548128496373, 0.1316470263770002
578.2688858363983, 0.14194895147013187
579.0471146733269, 0.15262549202119557
580.1412193980509, 0.16484570661442766
580.6629890833692, 0.17897775182055442
581.2418010088776, 0.1924639083061086
581.5908845220229, 0.20482621841786663
582.2844057952782, 0.21850614151959258
582.863478534992, 0.23261235117689644
583.6150472698541, 0.24803617382416815
583.9062354630124, 0.2590162820739009
584.7745837583777, 0.27955554338810706
585.7580271891688, 0.3012057333016979
585.3523958960983, 0.2906648293819544
586.3372629377611, 0.31569947619134525
587.0886740973741, 0.33074868338068497
587.6682630318696, 0.34608208160707654
588.30478010034, 0.3604983178502552
588.5384044248974, 0.3708842084770613
589.4033023656693, 0.3832206830399964
589.9829891054919, 0.3987866012057941
590.5613853583602, 0.4112845479488723
591.7689143775065, 0.4206434755099681
593.3777794057767, 0.43033180631855594
594.5853410266985, 0.43976824052612046
595.792625532527, 0.44854586823870096
597.4015231625731, 0.45831170569375745
598.6666350680225, 0.46831006308822004
602.3384248735144, 0.4771035444330328
608.6434749200585, 0.4783366047177622
614.9456500827465, 0.472734987995706
620.387140219729, 0.46481257566631984
624.6818274372743, 0.4556432625796207
628.9764244177618, 0.44625942216787423
634.4185869663677, 0.4399355844219051
640.7210288708568, 0.4349681129891383
647.0235893272576, 0.4302824839071667
651.6060830623248, 0.42405376795459104
654.468323356798, 0.4158380634289086
657.3304658459442, 0.4073898389638201
661.9117384963223, 0.39825814679805294
668.214047029911, 0.3929736027206414
672.7955093633475, 0.3842928583161468
675.6576518524937, 0.3758446338510582
678.8060922684454, 0.36675052066539715
683.6748019319127, 0.3596809750329489
689.9767399907777, 0.3535156736093021
696.2790485243663, 0.34823112953189056
702.5828241378607, 0.34643438454557063
708.8885854958742, 0.3493584989350717
715.1942579399538, 0.3520712315614763
721.4991005206525, 0.3528110677323139
727.8013794162632, 0.3474560630672035
734.1055551424593, 0.3466105360148177
740.4099383345006, 0.3462582330763236
744.9906745374786, 0.33585120427320786
748.1392018914989, 0.32696377547813
753.0079016756404, 0.3198707429831154
759.3099731054058, 0.3140225142041133
764.7509408730277, 0.3048582340165355
769.3324276577961, 0.2962356195968924
773.9137310575762, 0.28717703029086283
778.7814840729793, 0.2778331734665804
784.5105381312258, 0.2722746159925623
790.813261596505, 0.2679765201429343
797.115466397171, 0.26244536400857693
803.4178934826712, 0.25744266228196067
809.7202761112045, 0.2523342696737962
815.4483208316482, 0.24437613774092393
820.6032230424441, 0.23641017685386279
825.7578716838738, 0.22784138649426738
831.4862440686287, 0.22066223550317643
837.7892935516646, 0.21713920611823545
844.0917947321096, 0.21231265586086628
849.8206083934242, 0.20618258473106887
854.4019496345511, 0.19721395849683343
858.6967474652639, 0.1883076143892245
862.9914696132831, 0.17922134413802748
865.854324684098, 0.17246719351718343
874.4460484581863, 0.15971382714369697
880.7493646830233, 0.1568249430480454
885.3328750007324, 0.1530130252535391
903.6630040584869, 0.12846455649927024
909.9645568236391, 0.12138326743553873
915.8198966591432, 0.1132607274647025
941.7574528157422, 0.08255948361348875
982.8480426291821, 0.04397839737129028
988.7943982249711, 0.04027960796481167
994.1794780281508, 0.0345053628028934
1000.4825126921978, 0.03094710312410287
1006.7854584423112, 0.02717746168221602
1013.0883893734356, 0.023372589946479727
1019.3915722273722, 0.020166633206183393
1025.694992185132, 0.017524361167477687
1031.9985455137921, 0.015199161773416625
1038.302158118408, 0.01301488355475322
1044.605755904035, 0.010795375042240374
1050.9093685086511, 0.00861109682357697
1057.2131144841676, 0.006743891249558098
1063.5170975635074, 0.005440370377129966
1069.821110280825, 0.004207310092400607
1076.1251081791536, 0.0029390195138219166
1082.4293876382721, 0.002340104518381958
1088.733919020203, 0.002340104518381958
1095.0382577552773, 0.0018821106983395453
1099.0500989001512, 0.0015650380536949005


